1;teste;1575726438;0;0.231032;0
1;teste;1575726438;1;0.124772;0
1;teste;1575726438;0;0.193169;0
1;teste;1575726438;0;0.0992609;0
1;teste;1575726438;0;0.202602;0
1;teste;1575726438;2;0.23545;0
1;teste;1575726438;1;0.25989;0
1;teste;1575726438;0;0.22649;0
1;teste;1575726438;0;0.152034;0
1;teste;1575726438;0;0.26355;0
1;teste;1575726438;3;0.398245;0
1;teste;1575726438;0;0.380637;0
1;teste;1575726438;1;0.213015;0
1;teste;1575726438;1;0.115567;0
1;teste;1575726438;1;0.23225;0
1;teste;1575726438;1;0.264753;0
1;teste;1575726438;2;0.112467;0
1;teste;1575726438;2;0.214763;0
1;teste;1575726438;3;0.227734;0
1;teste;1575726438;1;0.106506;0
1;teste;1575726438;0;0.375567;0
1;teste;1575726439;3;0.208089;0
1;teste;1575726439;4;0.264077;0
1;teste;1575726439;2;0.174337;0
1;teste;1575726439;3;0.263667;0
1;teste;1575726439;5;0.185309;0
1;teste;1575726439;4;0.205706;0
1;teste;1575726439;4;0.208841;0
1;teste;1575726439;2;0.223433;0
1;teste;1575726439;5;0.153633;0
1;teste;1575726439;4;0.17806;0
1;teste;1575726439;2;0.26006;0
1;teste;1575726439;5;0.203687;0
1;teste;1575726439;1;0.406703;0
1;teste;1575726439;0;0.100903;0
1;teste;1575726439;1;0.215321;0
1;teste;1575726439;2;0.122276;0
1;teste;1575726439;6;0.491466;0
1;teste;1575726439;3;0.396976;0
1;teste;1575726439;3;0.156548;0
1;teste;1575726439;6;0.107704;0
1;teste;1575726439;2;0.198685;0
1;teste;1575726439;4;0.130126;0
1;teste;1575726439;6;0.221628;0
1;teste;1575726439;7;0.157167;0
1;teste;1575726439;8;0.22406;0
1;teste;1575726439;3;0.166062;0
1;teste;1575726439;9;0.201111;0
1;teste;1575726439;5;0.177824;0
1;teste;1575726439;10;0.179442;0
1;teste;1575726439;5;0.241466;0
1;teste;1575726439;3;0.254253;0
1;teste;1575726439;7;0.204491;0
1;teste;1575726439;4;0.258211;0
1;teste;1575726439;7;0.184804;0
1;teste;1575726439;6;0.209741;0
1;teste;1575726439;8;0.300283;0
1;teste;1575726439;4;0.104666;0
1;teste;1575726439;9;0.208238;0
1;teste;1575726439;6;0.28648;0
1;teste;1575726439;8;0.235642;0
1;teste;1575726439;5;0.134929;0
1;teste;1575726439;7;0.135303;0
1;teste;1575726439;9;0.203966;0
1;teste;1575726439;8;0.288114;0
1;teste;1575726439;9;0.154273;0
1;teste;1575726439;10;0.151964;0
1;teste;1575726439;5;0.192191;0
1;teste;1575726439;4;0.194497;0
1;teste;1575726439;11;0.230833;0
1;teste;1575726439;2;0.26902;0
1;teste;1575726439;6;0.284431;0
1;teste;1575726439;3;0.20128;0
1;teste;1575726439;4;0.273589;0
1;teste;1575726439;11;0.323709;0
1;teste;1575726439;12;0.107699;0
1;teste;1575726439;10;0.585896;0
1;teste;1575726439;5;0.241169;0
1;teste;1575726439;5;0.236208;0
1;teste;1575726439;10;0.235276;0
1;teste;1575726440;7;0.112958;0
1;teste;1575726440;11;0.229891;0
1;teste;1575726440;6;0.207454;0
1;teste;1575726440;12;0.186604;0
1;teste;1575726440;13;0.152028;0
1;teste;1575726440;8;0.248469;0
1;teste;1575726440;12;0.226758;0
1;teste;1575726440;9;0.226502;0
1;teste;1575726440;14;0.255057;0
1;teste;1575726440;1;0.145281;0
1;teste;1575726440;11;0.476698;0
1;teste;1575726440;10;0.484466;0
1;teste;1575726440;2;0.108298;0
1;teste;1575726440;6;0.379153;0
1;teste;1575726440;12;0.4162;0
1;teste;1575726440;13;0.235428;0
1;teste;1575726440;7;0.359403;0
1;teste;1575726440;11;0.725057;0
1;teste;1575726440;8;1.17758;0
1;teste;1575726440;7;0.498341;0
1;teste;1575726440;3;0.103651;0
1;teste;1575726440;14;0.317657;0
1;teste;1575726440;7;0.172582;0
1;teste;1575726440;13;0.246493;0
1;teste;1575726440;15;0.122068;0
1;teste;1575726440;8;0.266187;0
1;teste;1575726440;12;0.119552;0
1;teste;1575726440;9;0.206353;0
1;teste;1575726440;13;0.194277;0
1;teste;1575726440;8;0.248713;0
1;teste;1575726440;9;0.16555;0
1;teste;1575726440;15;0.487599;0
1;teste;1575726440;9;0.282227;0
1;teste;1575726440;14;1.0396;0
1;teste;1575726440;16;0.506521;0
1;teste;1575726440;10;0.876193;0
1;teste;1575726440;11;0.757475;0
1;teste;1575726440;10;0.797045;0
1;teste;1575726440;4;0.117946;0
1;teste;1575726440;16;0.480258;0
1;teste;1575726440;17;0.419005;0
1;teste;1575726440;6;0.431753;0
1;teste;1575726440;17;0.304496;0
1;teste;1575726440;5;0.363692;0
1;teste;1575726440;7;0.744041;0
1;teste;1575726440;11;0.405258;0
1;teste;1575726440;10;0.717674;0
1;teste;1575726440;14;0.172248;0
1;teste;1575726440;6;0.883578;0
1;teste;1575726440;13;0.905023;0
1;teste;1575726440;8;0.336063;0
1;teste;1575726440;18;0.421111;0
1;teste;1575726440;15;0.589094;0
1;teste;1575726440;7;0.888833;0
1;teste;1575726440;15;0.783733;0
1;teste;1575726440;16;0.464661;0
1;teste;1575726440;12;0.169755;0
1;teste;1575726440;8;0.731537;0
1;teste;1575726440;9;0.449535;0
1;teste;1575726440;10;0.175748;0
1;teste;1575726440;12;0.144131;0
1;teste;1575726440;11;0.207293;0
1;teste;1575726440;13;0.110228;0
1;teste;1575726440;11;0.150856;0
1;teste;1575726440;12;0.114344;0
1;teste;1575726440;9;0.111901;0
1;teste;1575726440;19;0.129087;0
1;teste;1575726440;20;0.189228;0
1;teste;1575726440;10;0.180531;0
1;teste;1575726440;14;0.190329;0
1;teste;1575726440;14;0.210633;0
1;teste;1575726440;12;0.223791;0
1;teste;1575726440;21;0.188727;0
1;teste;1575726440;13;0.39136;0
1;teste;1575726440;13;0.141361;0
1;teste;1575726440;17;0.248669;0
1;teste;1575726440;15;0.179863;0
1;teste;1575726440;14;0.159204;0
1;teste;1575726440;18;0.277921;0
1;teste;1575726440;11;0.153352;0
1;teste;1575726440;15;0.205633;0
1;teste;1575726440;15;0.227626;0
1;teste;1575726440;13;0.197669;0
1;teste;1575726440;12;0.208214;0
1;teste;1575726440;18;0.152033;0
1;teste;1575726440;13;0.209975;0
1;teste;1575726440;22;0.119152;0
1;teste;1575726440;19;0.110552;0
1;teste;1575726440;20;0.354959;0
1;teste;1575726440;16;0.157141;0
1;teste;1575726440;14;0.168944;0
1;teste;1575726440;17;0.196683;0
1;teste;1575726440;14;0.211018;0
1;teste;1575726440;15;0.112352;0
1;teste;1575726440;23;0.382571;0
1;teste;1575726440;18;0.486583;0
1;teste;1575726440;16;0.125979;0
1;teste;1575726440;16;0.106222;0
1;teste;1575726440;19;0.493571;0
1;teste;1575726440;24;0.111444;0
1;teste;1575726440;19;0.194654;0
1;teste;1575726440;17;0.134118;0
1;teste;1575726440;16;0.402167;0
1;teste;1575726440;20;0.169161;0
1;teste;1575726440;15;0.130214;0
1;teste;1575726440;16;0.183475;0
1;teste;1575726440;16;0.219338;0
1;teste;1575726440;25;0.110058;0
1;teste;1575726440;21;0.165176;0
1;teste;1575726440;21;0.153048;0
1;teste;1575726440;22;0.209511;0
1;teste;1575726440;20;0.144001;0
1;teste;1575726441;23;0.210441;0
1;teste;1575726441;21;0.14462;0
1;teste;1575726441;24;0.179948;0
1;teste;1575726441;17;0.221486;0
1;teste;1575726441;18;0.181077;0
1;teste;1575726441;18;0.155009;0
1;teste;1575726441;25;0.15847;0
1;teste;1575726441;26;0.132155;0
1;teste;1575726441;22;0.209365;0
1;teste;1575726441;17;0.207135;0
1;teste;1575726441;22;0.229232;0
1;teste;1575726441;19;0.188905;0
1;teste;1575726441;17;0.12404;0
1;teste;1575726441;20;0.122462;0
1;teste;1575726441;19;0.146818;0
1;teste;1575726441;23;0.13642;0
1;teste;1575726441;26;0.219233;0
1;teste;1575726441;18;0.332564;0
1;teste;1575726441;17;0.416182;0
1;teste;1575726441;14;0.227622;0
1;teste;1575726441;27;0.212423;0
1;teste;1575726441;18;0.157878;0
1;teste;1575726441;18;0.113608;0
1;teste;1575726441;19;0.113003;0
1;teste;1575726441;27;0.383657;0
1;teste;1575726441;28;0.191856;0
1;teste;1575726441;20;0.227007;0
1;teste;1575726441;19;0.22889;0
1;teste;1575726441;29;0.112361;0
1;teste;1575726441;28;0.171198;0
1;teste;1575726441;19;0.284022;0
1;teste;1575726441;20;0.192027;0
1;teste;1575726441;15;0.229465;0
1;teste;1575726441;20;0.212918;0
1;teste;1575726441;21;0.211739;0
1;teste;1575726441;23;0.160544;0
1;teste;1575726441;21;0.225557;0
1;teste;1575726441;24;0.107553;0
1;teste;1575726441;30;0.164469;0
1;teste;1575726441;24;0.130546;0
1;teste;1575726441;21;0.287911;0
1;teste;1575726441;31;0.62764;0
1;teste;1575726441;21;0.568881;0
1;teste;1575726441;16;0.574795;0
1;teste;1575726441;25;0.629219;0
1;teste;1575726441;20;0.13394;0
1;teste;1575726441;25;0.24799;0
1;teste;1575726441;22;0.124686;0
1;teste;1575726441;21;0.271421;0
1;teste;1575726441;26;0.211146;0
1;teste;1575726441;23;0.202023;0
1;teste;1575726441;17;0.14882;0
1;teste;1575726441;22;0.124249;0
1;teste;1575726441;24;0.137604;0
1;teste;1575726441;22;0.22732;0
1;teste;1575726441;27;0.126304;0
1;teste;1575726441;23;0.191524;0
1;teste;1575726441;24;0.176033;0
1;teste;1575726441;26;0.235046;0
1;teste;1575726441;22;0.220713;0
1;teste;1575726441;23;0.198983;0
1;teste;1575726441;29;0.196423;0
1;teste;1575726441;23;0.130465;0
1;teste;1575726441;25;0.316537;0
1;teste;1575726441;32;0.236995;0
1;teste;1575726441;25;0.102779;0
1;teste;1575726441;26;0.196386;0
1;teste;1575726441;30;0.181461;0
1;teste;1575726441;31;0.135049;0
1;teste;1575726441;27;0.280399;0
1;teste;1575726441;33;0.643017;0
1;teste;1575726441;18;0.295811;0
1;teste;1575726441;26;0.917758;0
1;teste;1575726441;27;0.548002;0
1;teste;1575726441;32;0.141659;0
1;teste;1575726441;28;0.272572;0
1;teste;1575726441;24;0.23861;0
1;teste;1575726441;34;0.191497;0
1;teste;1575726441;27;0.166103;0
1;teste;1575726441;25;0.288215;0
1;teste;1575726441;28;0.191649;0
1;teste;1575726441;35;0.11256;0
1;teste;1575726441;33;0.148383;0
1;teste;1575726441;26;0.202308;0
1;teste;1575726441;29;0.201455;0
1;teste;1575726441;19;0.225293;0
1;teste;1575726441;22;0.876868;0
1;teste;1575726441;24;0.12454;0
1;teste;1575726441;28;0.216692;0
1;teste;1575726441;36;0.269723;0
1;teste;1575726441;29;0.185354;0
1;teste;1575726441;37;0.189979;0
1;teste;1575726441;23;0.483569;0
1;teste;1575726441;20;0.111114;0
1;teste;1575726441;27;0.197531;0
1;teste;1575726441;24;0.29014;0
1;teste;1575726441;34;0.40842;0
1;teste;1575726441;28;0.182216;0
1;teste;1575726441;30;0.317113;0
1;teste;1575726441;25;0.766303;0
1;teste;1575726441;35;0.67131;0
1;teste;1575726441;29;0.16233;0
1;teste;1575726441;21;0.210072;0
1;teste;1575726441;36;0.464666;0
1;teste;1575726441;30;0.501532;0
1;teste;1575726441;31;0.518619;0
1;teste;1575726441;22;0.627556;0
1;teste;1575726441;25;0.112701;0
1;teste;1575726441;38;0.490727;0
1;teste;1575726441;26;0.109052;0
1;teste;1575726441;30;0.218493;0
1;teste;1575726441;39;0.182706;0
1;teste;1575726441;26;0.146903;0
1;teste;1575726441;32;0.151731;0
1;teste;1575726441;40;0.116676;0
1;teste;1575726441;41;0.676983;0
1;teste;1575726441;28;0.142494;0
1;teste;1575726441;23;0.261181;0
1;teste;1575726441;29;0.510219;0
1;teste;1575726441;33;0.106932;0
1;teste;1575726441;27;0.134003;0
1;teste;1575726441;27;0.154515;0
1;teste;1575726441;42;0.168074;0
1;teste;1575726441;43;0.15398;0
1;teste;1575726441;28;0.248032;0
1;teste;1575726441;29;0.132842;0
1;teste;1575726441;31;0.172205;0
1;teste;1575726441;30;0.127469;0
1;teste;1575726441;31;0.100223;0
1;teste;1575726442;44;0.140012;0
1;teste;1575726442;30;0.185456;0
1;teste;1575726442;37;0.295978;0
1;teste;1575726442;24;0.354613;0
1;teste;1575726442;32;0.206375;0
1;teste;1575726442;34;0.309104;0
1;teste;1575726442;35;0.171489;0
1;teste;1575726442;28;0.231613;0
1;teste;1575726442;38;0.279612;0
1;teste;1575726442;29;0.171035;0
1;teste;1575726442;33;0.790305;0
1;teste;1575726442;45;0.761424;0
1;teste;1575726442;29;0.285853;0
1;teste;1575726442;39;0.40219;0
1;teste;1575726442;31;0.234799;0
1;teste;1575726442;25;0.258352;0
1;teste;1575726442;26;0.18594;0
1;teste;1575726442;34;0.26201;0
1;teste;1575726442;40;0.168913;0
1;teste;1575726442;30;0.205469;0
1;teste;1575726442;46;0.112287;0
1;teste;1575726442;27;0.351462;0
1;teste;1575726442;47;0.583722;0
1;teste;1575726442;41;0.110137;0
1;teste;1575726442;30;0.120658;0
1;teste;1575726442;32;0.179776;0
1;teste;1575726442;36;0.210385;0
1;teste;1575726442;37;0.157232;0
1;teste;1575726442;31;0.145155;0
1;teste;1575726442;31;0.116587;0
1;teste;1575726442;32;0.13677;0
1;teste;1575726442;48;0.114055;0
1;teste;1575726442;33;0.356688;0
1;teste;1575726442;32;0.108922;0
1;teste;1575726442;35;0.517331;0
1;teste;1575726442;31;0.107731;0
1;teste;1575726442;32;0.343325;0
1;teste;1575726442;34;0.128185;0
1;teste;1575726442;49;0.182292;0
1;teste;1575726442;36;0.282158;0
1;teste;1575726442;33;0.251417;0
1;teste;1575726442;33;0.208798;0
1;teste;1575726442;32;0.216972;0
1;teste;1575726442;42;0.104434;0
1;teste;1575726442;33;0.300786;0
1;teste;1575726442;34;0.119442;0
1;teste;1575726442;50;0.157874;0
1;teste;1575726442;34;0.2508;0
1;teste;1575726442;37;0.269196;0
1;teste;1575726442;51;0.230438;0
1;teste;1575726442;35;0.25229;0
1;teste;1575726442;43;0.18241;0
1;teste;1575726442;52;0.473461;0
1;teste;1575726442;36;0.461902;0
1;teste;1575726442;34;0.101345;0
1;teste;1575726442;28;0.678128;0
1;teste;1575726442;37;0.29526;0
1;teste;1575726442;33;0.205846;0
1;teste;1575726442;34;0.16025;0
1;teste;1575726442;29;0.219116;0
1;teste;1575726442;30;0.310977;0
1;teste;1575726442;35;0.397668;0
1;teste;1575726442;38;0.244819;0
1;teste;1575726442;38;0.128903;0
1;teste;1575726442;36;0.171245;0
1;teste;1575726442;38;0.278893;0
1;teste;1575726442;31;0.14324;0
1;teste;1575726442;35;0.126773;0
1;teste;1575726442;39;0.242219;0
1;teste;1575726442;32;0.203028;0
1;teste;1575726442;39;0.188601;0
1;teste;1575726442;40;0.315767;0
1;teste;1575726442;39;0.177975;0
1;teste;1575726442;33;0.239518;0
1;teste;1575726442;36;0.161525;0
1;teste;1575726442;35;0.141826;0
1;teste;1575726442;37;0.239076;0
1;teste;1575726442;44;0.121523;0
1;teste;1575726442;53;0.577247;0
1;teste;1575726442;40;0.126524;0
1;teste;1575726442;37;0.303196;0
1;teste;1575726442;40;0.177981;0
1;teste;1575726442;36;0.195318;0
1;teste;1575726442;38;0.16866;0
1;teste;1575726442;41;0.172749;0
1;teste;1575726442;54;0.222495;0
1;teste;1575726442;39;0.115182;0
1;teste;1575726442;40;0.245095;0
1;teste;1575726442;55;0.246273;0
1;teste;1575726442;41;0.241667;0
1;teste;1575726442;35;0.492254;0
1;teste;1575726442;42;0.119558;0
1;teste;1575726442;43;0.222974;0
1;teste;1575726442;38;0.451367;0
1;teste;1575726442;41;1.03046;0
1;teste;1575726442;42;1.00877;0
1;teste;1575726442;36;0.389672;0
1;teste;1575726442;44;1.31238;0
1;teste;1575726442;34;0.857095;0
1;teste;1575726442;56;0.612225;0
1;teste;1575726442;57;0.76103;0
1;teste;1575726442;39;0.314575;0
1;teste;1575726442;45;1.28879;0
1;teste;1575726442;45;0.597213;0
1;teste;1575726442;43;0.658087;0
1;teste;1575726442;58;0.602335;0
1;teste;1575726442;42;0.904215;0
1;teste;1575726442;37;0.928477;0
1;teste;1575726442;44;0.699094;0
1;teste;1575726442;35;0.366193;0
1;teste;1575726442;46;0.73014;0
1;teste;1575726442;59;1.23781;0
1;teste;1575726442;36;0.611049;0
1;teste;1575726442;38;0.616204;0
1;teste;1575726442;47;0.570786;0
1;teste;1575726442;40;0.471303;0
1;teste;1575726442;41;1.10989;0
1;teste;1575726442;43;0.684329;0
1;teste;1575726442;46;1.12521;0
1;teste;1575726442;48;1.0083;0
1;teste;1575726442;45;0.309797;0
1;teste;1575726442;37;0.310239;0
1;teste;1575726442;60;1.12226;0
1;teste;1575726442;49;0.482205;0
1;teste;1575726442;42;1.01616;0
1;teste;1575726442;44;0.927661;0
1;teste;1575726442;46;1.09251;0
1;teste;1575726442;43;0.720719;0
1;teste;1575726442;50;0.470465;0
1;teste;1575726442;45;0.527265;0
1;teste;1575726442;41;0.153729;0
1;teste;1575726442;39;0.748499;0
1;teste;1575726442;47;1.11717;0
1;teste;1575726442;38;0.162262;0
1;teste;1575726442;47;0.247668;0
1;teste;1575726442;42;0.217485;0
1;teste;1575726442;39;0.218051;0
1;teste;1575726442;40;0.188143;0
1;teste;1575726442;51;0.0970315;0
1;teste;1575726442;46;0.180465;0
1;teste;1575726442;43;0.215507;0
1;teste;1575726442;37;0.24317;0
1;teste;1575726442;48;0.208248;0
1;teste;1575726442;49;0.150485;0
1;teste;1575726442;38;0.140917;0
1;teste;1575726442;44;0.173742;0
1;teste;1575726442;44;0.420635;0
1;teste;1575726442;52;0.182454;0
1;teste;1575726442;47;0.29871;0
1;teste;1575726442;45;0.208981;0
1;teste;1575726442;53;0.148852;0
1;teste;1575726442;48;0.108435;0
1;teste;1575726442;46;0.458476;0
1;teste;1575726442;61;0.151999;0
1;teste;1575726442;39;0.136718;0
1;teste;1575726442;40;0.121813;0
1;teste;1575726442;48;0.245721;0
1;teste;1575726442;45;0.246837;0
1;teste;1575726442;62;0.440781;0
1;teste;1575726442;49;0.139451;0
1;teste;1575726442;46;0.177083;0
1;teste;1575726442;54;0.292371;0
1;teste;1575726442;41;0.15754;0
1;teste;1575726442;63;0.152265;0
1;teste;1575726442;47;0.302878;0
1;teste;1575726442;64;0.13877;0
1;teste;1575726442;47;0.144132;0
1;teste;1575726443;50;0.153784;0
1;teste;1575726443;49;0.107863;0
1;teste;1575726443;40;0.204557;0
1;teste;1575726443;65;0.195656;0
1;teste;1575726443;41;0.123456;0
1;teste;1575726443;48;0.115434;0
1;teste;1575726443;51;0.220284;0
1;teste;1575726443;55;0.136699;0
1;teste;1575726443;56;0.17532;0
1;teste;1575726443;48;0.170044;0
1;teste;1575726443;57;0.153771;0
1;teste;1575726443;52;0.153906;0
1;teste;1575726443;42;0.346147;0
1;teste;1575726443;50;0.672492;0
1;teste;1575726443;66;0.704337;0
1;teste;1575726443;42;0.643373;0
1;teste;1575726443;53;0.384359;0
1;teste;1575726443;50;0.122883;0
1;teste;1575726443;51;0.635949;0
1;teste;1575726443;58;0.556074;0
1;teste;1575726443;49;0.42028;0
1;teste;1575726443;49;0.453299;0
1;teste;1575726443;54;0.136061;0
1;teste;1575726443;67;0.208318;0
1;teste;1575726443;50;0.369459;0
1;teste;1575726443;43;0.576658;0
1;teste;1575726443;51;0.575391;0
1;teste;1575726443;52;0.755726;0
1;teste;1575726443;44;1.00832;0
1;teste;1575726443;55;1.03204;0
1;teste;1575726443;51;0.503583;0
1;teste;1575726443;43;1.07892;0
1;teste;1575726443;45;0.894709;0
1;teste;1575726443;68;0.626599;0
1;teste;1575726443;41;0.751456;0
1;teste;1575726443;50;0.115388;0
1;teste;1575726443;56;0.885402;0
1;teste;1575726443;44;0.761856;0
1;teste;1575726443;46;0.226219;0
1;teste;1575726443;52;0.251291;0
1;teste;1575726443;42;0.708571;0
1;teste;1575726443;52;0.678968;0
1;teste;1575726443;53;0.284819;0
1;teste;1575726443;69;0.316449;0
1;teste;1575726443;59;0.963368;0
1;teste;1575726443;51;0.220721;0
1;teste;1575726443;47;0.861972;0
1;teste;1575726443;43;0.208697;0
1;teste;1575726443;53;0.218347;0
1;teste;1575726443;54;0.208152;0
1;teste;1575726443;60;0.128616;0
1;teste;1575726443;55;0.208968;0
1;teste;1575726443;54;0.203557;0
1;teste;1575726443;52;0.202198;0
1;teste;1575726443;70;0.203947;0
1;teste;1575726443;44;0.174322;0
1;teste;1575726443;56;0.359335;0
1;teste;1575726443;48;0.213122;0
1;teste;1575726443;61;0.588681;0
1;teste;1575726443;49;0.18621;0
1;teste;1575726443;57;0.226876;0
1;teste;1575726443;62;0.192271;0
1;teste;1575726443;50;0.187978;0
1;teste;1575726443;45;0.128349;0
1;teste;1575726443;53;0.178834;0
1;teste;1575726443;51;0.215298;0
1;teste;1575726443;63;0.219191;0
1;teste;1575726443;54;0.153903;0
1;teste;1575726443;46;0.17671;0
1;teste;1575726443;47;0.105515;0
1;teste;1575726443;64;0.310439;0
1;teste;1575726443;53;0.296597;0
1;teste;1575726443;58;0.172645;0
1;teste;1575726443;57;0.122564;0
1;teste;1575726443;55;0.361795;0
1;teste;1575726443;45;0.169048;0
1;teste;1575726443;56;0.210792;0
1;teste;1575726443;58;0.222011;0
1;teste;1575726443;52;0.2094;0
1;teste;1575726443;59;0.110065;0
1;teste;1575726443;71;0.136828;0
1;teste;1575726443;48;0.318269;0
1;teste;1575726443;54;0.15326;0
1;teste;1575726443;57;0.332432;0
1;teste;1575726443;46;0.374388;0
1;teste;1575726443;53;0.163765;0
1;teste;1575726443;72;0.355402;0
1;teste;1575726443;60;0.111346;0
1;teste;1575726443;59;0.190414;0
1;teste;1575726443;49;0.193931;0
1;teste;1575726443;55;0.188611;0
1;teste;1575726443;61;0.171654;0
1;teste;1575726443;55;0.236218;0
1;teste;1575726443;65;0.153815;0
1;teste;1575726443;50;0.184611;0
1;teste;1575726443;54;0.190786;0
1;teste;1575726443;73;0.165406;0
1;teste;1575726443;47;0.184306;0
1;teste;1575726443;48;0.343334;0
1;teste;1575726443;55;0.478123;0
1;teste;1575726443;58;0.846631;0
1;teste;1575726443;51;0.134102;0
1;teste;1575726443;74;0.494152;0
1;teste;1575726443;56;0.58721;0
1;teste;1575726443;59;0.400196;0
1;teste;1575726443;49;0.140911;0
1;teste;1575726443;75;0.117419;0
1;teste;1575726443;66;0.161218;0
1;teste;1575726443;67;0.234049;0
1;teste;1575726443;52;0.236832;0
1;teste;1575726443;60;0.196842;0
1;teste;1575726443;56;0.144614;0
1;teste;1575726443;60;0.207892;0
1;teste;1575726443;68;0.200385;0
1;teste;1575726443;61;0.213313;0
1;teste;1575726443;62;0.140541;0
1;teste;1575726443;62;0.123224;0
1;teste;1575726443;76;0.167596;0
1;teste;1575726443;57;0.185582;0
1;teste;1575726443;63;0.120126;0
1;teste;1575726443;58;0.233602;0
1;teste;1575726443;50;0.260607;0
1;teste;1575726443;57;0.36391;0
1;teste;1575726443;53;0.247087;0
1;teste;1575726443;69;0.696036;0
1;teste;1575726443;51;0.293747;0
1;teste;1575726443;64;0.529181;0
1;teste;1575726443;56;0.660458;0
1;teste;1575726443;65;0.651078;0
1;teste;1575726443;77;0.790771;0
1;teste;1575726443;57;1.03039;0
1;teste;1575726443;54;0.520659;0
1;teste;1575726443;61;1.10341;0
1;teste;1575726443;59;0.133287;0
1;teste;1575726443;58;0.568964;0
1;teste;1575726443;58;1.22062;0
1;teste;1575726443;62;0.996274;0
1;teste;1575726443;70;0.311952;0
1;teste;1575726443;78;1.16235;0
1;teste;1575726443;60;0.456922;0
1;teste;1575726443;63;1.13249;0
1;teste;1575726443;59;0.402775;0
1;teste;1575726443;63;0.819161;0
1;teste;1575726443;59;0.704933;0
1;teste;1575726443;66;0.247788;0
1;teste;1575726443;71;0.396627;0
1;teste;1575726443;64;0.185122;0
1;teste;1575726443;52;0.261921;0
1;teste;1575726443;79;0.217587;0
1;teste;1575726443;64;0.223047;0
1;teste;1575726443;55;0.1823;0
1;teste;1575726443;60;0.202294;0
1;teste;1575726443;65;0.432004;0
1;teste;1575726443;61;0.932117;0
1;teste;1575726443;80;1.07135;0
1;teste;1575726443;53;0.630448;0
1;teste;1575726443;72;1.44633;0
1;teste;1575726443;62;1.58618;0
1;teste;1575726443;67;0.429657;0
1;teste;1575726443;61;1.43184;0
1;teste;1575726443;81;0.863593;0
1;teste;1575726443;66;0.909012;0
1;teste;1575726443;82;1.6478;0
1;teste;1575726443;54;0.888188;0
1;teste;1575726443;63;0.437651;0
1;teste;1575726443;73;1.42825;0
1;teste;1575726443;60;0.320999;0
1;teste;1575726443;62;1.05613;0
1;teste;1575726443;67;0.422843;0
1;teste;1575726443;68;1.27475;0
1;teste;1575726443;68;1.49277;0
1;teste;1575726443;74;0.625808;0
1;teste;1575726443;56;0.171782;0
1;teste;1575726443;65;0.5676;0
1;teste;1575726443;61;0.44788;0
1;teste;1575726443;64;1.03425;0
1;teste;1575726443;69;0.261572;0
1;teste;1575726443;62;0.162772;0
1;teste;1575726443;65;0.11284;0
1;teste;1575726443;63;0.155313;0
1;teste;1575726443;70;0.158456;0
1;teste;1575726443;63;0.157603;0
1;teste;1575726443;57;0.362003;0
1;teste;1575726443;66;0.565573;0
1;teste;1575726443;75;0.146698;0
1;teste;1575726443;83;0.387351;0
1;teste;1575726443;67;0.420776;0
1;teste;1575726443;58;0.196152;0
1;teste;1575726443;64;0.357098;0
1;teste;1575726443;66;0.158444;0
1;teste;1575726443;71;0.205677;0
1;teste;1575726443;72;0.209583;0
1;teste;1575726443;55;0.146215;0
1;teste;1575726444;65;0.161787;0
1;teste;1575726444;59;0.319571;0
1;teste;1575726444;67;0.149224;0
1;teste;1575726444;60;0.209706;0
1;teste;1575726444;56;0.32357;0
1;teste;1575726444;68;0.312296;0
1;teste;1575726444;68;0.28188;0
1;teste;1575726444;73;0.13388;0
1;teste;1575726444;57;0.237018;0
1;teste;1575726444;69;0.238703;0
1;teste;1575726444;84;0.180664;0
1;teste;1575726444;74;0.175217;0
1;teste;1575726444;75;0.133524;0
1;teste;1575726444;64;0.486086;0
1;teste;1575726444;69;0.191066;0
1;teste;1575726444;61;0.450245;0
1;teste;1575726444;69;0.966224;0
1;teste;1575726444;58;0.305127;0
1;teste;1575726444;85;0.211237;0
1;teste;1575726444;66;0.30098;0
1;teste;1575726444;65;0.124702;0
1;teste;1575726444;76;0.368887;0
1;teste;1575726444;67;0.130067;0
1;teste;1575726444;62;0.341739;0
1;teste;1575726444;70;0.363984;0
1;teste;1575726444;70;0.289917;0
1;teste;1575726444;68;0.197292;0
1;teste;1575726444;86;0.300539;0
1;teste;1575726444;63;0.626564;0
1;teste;1575726444;69;0.41359;0
1;teste;1575726444;70;0.970636;0
1;teste;1575726444;66;0.399052;0
1;teste;1575726444;76;0.959372;0
1;teste;1575726444;87;0.794974;0
1;teste;1575726444;77;0.909318;0
1;teste;1575726444;71;0.864545;0
1;teste;1575726444;67;0.643934;0
1;teste;1575726444;64;0.560204;0
1;teste;1575726444;59;1.21825;0
1;teste;1575726444;68;1.32618;0
1;teste;1575726444;77;1.2456;0
1;teste;1575726444;65;1.10644;0
1;teste;1575726444;60;0.562249;0
1;teste;1575726444;70;0.384691;0
1;teste;1575726444;66;0.790364;0
1;teste;1575726444;78;1.05311;0
1;teste;1575726444;71;1.12367;0
1;teste;1575726444;88;0.629901;0
1;teste;1575726444;78;0.472732;0
1;teste;1575726444;67;1.05977;0
1;teste;1575726444;69;0.74177;0
1;teste;1575726444;79;1.62401;0
1;teste;1575726444;72;0.560838;0
1;teste;1575726444;61;0.493292;0
1;teste;1575726444;68;0.462151;0
1;teste;1575726444;70;0.955861;0
1;teste;1575726444;89;0.573444;0
1;teste;1575726444;79;0.827506;0
1;teste;1575726444;71;0.644902;0
1;teste;1575726444;69;1.00918;0
1;teste;1575726444;72;1.72414;0
1;teste;1575726444;62;0.732777;0
1;teste;1575726444;90;0.696787;0
1;teste;1575726444;70;1.49574;0
1;teste;1575726444;71;1.31812;0
1;teste;1575726444;80;0.640493;0
1;teste;1575726444;71;0.954327;0
1;teste;1575726444;72;0.344091;0
1;teste;1575726444;91;1.17689;0
1;teste;1575726444;73;0.855953;0
1;teste;1575726444;81;1.53343;0
1;teste;1575726444;92;1.0239;0
1;teste;1575726444;82;1.50562;0
1;teste;1575726444;80;0.851978;0
1;teste;1575726444;72;0.562972;0
1;teste;1575726444;72;1.48496;0
1;teste;1575726444;74;1.53267;0
1;teste;1575726444;73;0.373193;0
1;teste;1575726444;73;1.14547;0
1;teste;1575726444;83;0.602547;0
1;teste;1575726444;63;0.430783;0
1;teste;1575726444;73;1.29192;0
1;teste;1575726444;75;1.42231;0
1;teste;1575726444;74;0.615783;0
1;teste;1575726444;64;1.26889;0
1;teste;1575726444;81;1.08772;0
1;teste;1575726444;74;0.402035;0
1;teste;1575726444;76;1.27497;0
1;teste;1575726444;84;0.826773;0
1;teste;1575726444;93;1.11188;0
1;teste;1575726444;75;0.77132;0
1;teste;1575726444;85;0.851991;0
1;teste;1575726444;75;1.15128;0
1;teste;1575726444;65;0.662909;0
1;teste;1575726444;77;1.14665;0
1;teste;1575726444;82;0.448593;0
1;teste;1575726444;94;1.34343;0
1;teste;1575726444;74;1.14298;0
1;teste;1575726444;86;1.30351;0
1;teste;1575726444;78;1.03173;0
1;teste;1575726444;76;0.728928;0
1;teste;1575726444;79;1.45655;0
1;teste;1575726444;95;0.91034;0
1;teste;1575726444;87;1.4859;0
1;teste;1575726444;76;0.484947;0
1;teste;1575726444;80;0.765059;0
1;teste;1575726444;75;0.632506;0
1;teste;1575726444;66;0.604331;0
1;teste;1575726444;77;0.783336;0
1;teste;1575726444;81;1.17767;0
1;teste;1575726444;77;1.50972;0
1;teste;1575726444;78;1.48809;0
1;teste;1575726444;73;0.321307;0
1;teste;1575726444;83;1.15903;0
1;teste;1575726444;76;1.01806;0
1;teste;1575726444;88;0.480234;0
1;teste;1575726444;67;0.938447;0
1;teste;1575726444;79;0.727394;0
1;teste;1575726444;78;1.34613;0
1;teste;1575726444;74;1.39159;0
1;teste;1575726444;77;1.12384;0
1;teste;1575726444;89;1.51148;0
1;teste;1575726444;80;1.27746;0
1;teste;1575726444;78;0.908286;0
1;teste;1575726444;75;4.14564;0
1;teste;1575726444;76;1.4717;0
1;teste;1575726444;90;1.06458;0
1;teste;1575726444;79;0.973565;0
1;teste;1575726444;79;0.863655;0
1;teste;1575726444;84;0.733626;0
1;teste;1575726444;68;0.457869;0
1;teste;1575726444;80;1.68578;0
1;teste;1575726444;91;0.686355;0
1;teste;1575726444;80;1.02042;0
1;teste;1575726444;85;1.65416;0
1;teste;1575726444;77;0.589827;0
1;teste;1575726444;81;0.984381;0
1;teste;1575726444;81;1.45326;0
1;teste;1575726444;86;1.60163;0
1;teste;1575726444;82;0.753769;0
1;teste;1575726444;87;1.57359;0
1;teste;1575726444;69;1.53904;0
1;teste;1575726444;82;1.14169;0
1;teste;1575726444;88;1.69482;0
1;teste;1575726444;81;0.845872;0
1;teste;1575726445;70;1.39917;0
1;teste;1575726445;89;0.73088;0
1;teste;1575726445;71;1.25897;0
1;teste;1575726445;83;0.931863;0
1;teste;1575726445;82;1.29491;0
1;teste;1575726445;72;1.12084;0
1;teste;1575726445;90;1.17334;0
1;teste;1575726445;73;1.73822;0
1;teste;1575726445;84;1.34754;0
1;teste;1575726445;83;0.679414;0
1;teste;1575726445;83;1.63279;0
1;teste;1575726445;85;1.5372;0
1;teste;1575726445;86;1.09368;0
1;teste;1575726445;84;1.36209;0
1;teste;1575726445;78;0.607701;0
1;teste;1575726445;87;1.03138;0
1;teste;1575726445;84;1.08765;0
1;teste;1575726445;85;1.24497;0
1;teste;1575726445;88;0.928203;0
1;teste;1575726445;91;0.590787;0
1;teste;1575726445;79;1.11553;0
1;teste;1575726445;86;1.10286;0
1;teste;1575726445;85;0.636648;0
1;teste;1575726445;74;0.749655;0
1;teste;1575726445;92;0.815295;0
1;teste;1575726445;87;1.1992;0
1;teste;1575726445;86;0.819468;0
1;teste;1575726445;75;1.09848;0
1;teste;1575726445;80;1.23607;0
1;teste;1575726445;88;1.62127;0
1;teste;1575726445;87;0.940397;0
1;teste;1575726445;81;1.58451;0
1;teste;1575726445;93;0.889579;0
1;teste;1575726445;89;1.40241;0
1;teste;1575726445;76;1.5383;0
1;teste;1575726445;82;1.14825;0
1;teste;1575726445;89;0.632127;0
1;teste;1575726445;90;1.42783;0
1;teste;1575726445;94;1.1603;0
1;teste;1575726445;91;0.996366;0
1;teste;1575726445;77;0.785935;0
1;teste;1575726445;90;1.46365;0
1;teste;1575726445;88;1.11703;0
1;teste;1575726445;92;1.4862;0
1;teste;1575726445;78;1.77875;0
1;teste;1575726445;95;0.835227;0
1;teste;1575726445;93;1.07662;0
1;teste;1575726445;79;1.0505;0
1;teste;1575726445;96;1.05369;0
1;teste;1575726445;83;1.49098;0
1;teste;1575726445;91;0.641037;0
1;teste;1575726444;92;0.53405;0
1;teste;1575726445;94;0.647455;0
1;teste;1575726445;84;1.31633;0
1;teste;1575726444;82;0.49255;0
1;teste;1575726445;97;1.32986;0
1;teste;1575726445;83;1.36587;0
1;teste;1575726445;89;0.79665;0
1;teste;1575726445;80;0.903438;0
1;teste;1575726445;85;0.947235;0
1;teste;1575726445;81;1.34271;0
1;teste;1575726445;93;0.665538;0
1;teste;1575726445;94;1.08838;0
1;teste;1575726445;95;1.29627;0
1;teste;1575726445;90;1.21828;0
1;teste;1575726445;82;0.651949;0
1;teste;1575726445;98;0.815459;0
1;teste;1575726445;86;0.950461;0
1;teste;1575726445;96;1.26739;0
1;teste;1575726445;95;1.43458;0
1;teste;1575726445;84;0.886267;0
1;teste;1575726445;91;0.723758;0
1;teste;1575726445;85;1.03171;0
1;teste;1575726445;99;0.527678;0
1;teste;1575726445;87;1.14361;0
1;teste;1575726445;86;0.963918;0
1;teste;1575726445;83;0.607812;0
1;teste;1575726445;84;1.06513;0
1;teste;1575726445;87;0.737378;0
1;teste;1575726445;92;0.977556;0
1;teste;1575726445;85;0.941504;0
1;teste;1575726445;88;0.829714;0
1;teste;1575726445;86;1.26381;0
1;teste;1575726445;96;0.636148;0
1;teste;1575726445;100;1.4245;0
1;teste;1575726445;97;0.814639;0
1;teste;1575726445;93;1.23897;0
1;teste;1575726445;88;0.571717;0
1;teste;1575726445;101;0.794762;0
1;teste;1575726445;87;0.545456;0
1;teste;1575726445;89;0.823401;0
1;teste;1575726445;89;1.33344;0
1;teste;1575726445;98;0.90134;0
1;teste;1575726445;94;0.625282;0
1;teste;1575726445;102;0.78398;0
1;teste;1575726445;90;1.02139;0
1;teste;1575726445;103;0.7748;0
1;teste;1575726445;90;0.708844;0
1;teste;1575726445;88;0.560738;0
1;teste;1575726445;97;0.811439;0
1;teste;1575726445;89;1.00273;0
1;teste;1575726445;99;1.16193;0
1;teste;1575726445;104;0.749064;0
1;teste;1575726445;100;1.14389;0
1;teste;1575726445;91;0.501554;0
1;teste;1575726445;95;0.710016;0
1;teste;1575726445;98;0.6618;0
1;teste;1575726445;91;0.578807;0
1;teste;1575726444;96;0.450363;0
1;teste;1575726445;92;1.09374;0
1;teste;1575726445;90;0.452278;0
1;teste;1575726445;105;0.808388;0
1;teste;1575726445;92;1.20974;0
1;teste;1575726445;96;0.466619;0
1;teste;1575726445;106;1.04934;0
1;teste;1575726446;99;1.247;0
1;teste;1575726445;93;0.867331;0
1;teste;1575726445;101;0.714995;0
1;teste;1575726446;93;0.538913;0
1;teste;1575726446;107;0.833223;0
1;teste;1575726446;100;1.01617;0
1;teste;1575726446;102;0.856495;0
1;teste;1575726446;94;0.648649;0
1;teste;1575726446;97;0.757489;0
1;teste;1575726446;108;0.878922;0
1;teste;1575726446;91;0.736519;0
1;teste;1575726446;101;1.06527;0
1;teste;1575726446;109;1.09792;0
1;teste;1575726446;95;1.10954;0
1;teste;1575726446;98;1.02136;0
1;teste;1575726446;94;0.46767;0
1;teste;1575726446;96;0.86191;0
1;teste;1575726446;103;0.968911;0
1;teste;1575726446;110;0.887786;0
1;teste;1575726446;97;0.792274;0
1;teste;1575726446;97;0.426356;0
1;teste;1575726446;104;1.0039;0
1;teste;1575726446;111;1.17525;0
1;teste;1575726446;92;1.20528;0
1;teste;1575726446;102;0.621261;0
1;teste;1575726446;98;1.03819;0
1;teste;1575726446;99;0.569086;0
1;teste;1575726446;95;0.795842;0
1;teste;1575726446;112;0.775231;0
1;teste;1575726446;100;0.672578;0
1;teste;1575726446;103;1.13943;0
1;teste;1575726446;93;0.579624;0
1;teste;1575726446;99;1.28631;0
1;teste;1575726446;101;1.06985;0
1;teste;1575726446;94;0.501682;0
1;teste;1575726446;104;1.08104;0
1;teste;1575726446;113;0.769447;0
1;teste;1575726446;105;0.992083;0
1;teste;1575726446;98;0.813398;0
1;teste;1575726446;100;0.809175;0
1;teste;1575726446;96;0.543709;0
1;teste;1575726446;114;0.960075;0
1;teste;1575726446;95;1.15351;0
1;teste;1575726446;105;1.42811;0
1;teste;1575726446;102;0.593315;0
1;teste;1575726446;106;0.61985;0
1;teste;1575726446;99;0.584258;0
1;teste;1575726446;97;0.737729;0
1;teste;1575726446;101;0.752136;0
1;teste;1575726446;107;1.20611;0
1;teste;1575726446;103;0.470681;0
1;teste;1575726446;102;0.822044;0
1;teste;1575726446;100;0.682322;0
1;teste;1575726446;98;0.849863;0
1;teste;1575726446;108;0.902336;0
1;teste;1575726446;101;0.948779;0
1;teste;1575726446;96;0.813781;0
1;teste;1575726446;99;0.814143;0
1;teste;1575726446;103;0.494441;0
1;teste;1575726446;104;1.1355;0
1;teste;1575726446;115;0.9954;0
1;teste;1575726446;100;1.18183;0
1;teste;1575726446;102;0.71163;0
1;teste;1575726446;116;0.883768;0
1;teste;1575726446;105;1.0232;0
1;teste;1575726446;106;0.522932;0
1;teste;1575726446;109;0.680558;0
1;teste;1575726446;106;0.954386;0
1;teste;1575726446;103;1.21998;0
1;teste;1575726446;117;0.878826;0
1;teste;1575726446;107;1.04415;0
1;teste;1575726446;101;0.814839;0
1;teste;1575726446;104;0.958217;0
1;teste;1575726446;107;1.16873;0
1;teste;1575726446;104;0.692841;0
1;teste;1575726446;105;1.06859;0
1;teste;1575726446;97;0.5237;0
1;teste;1575726446;108;1.31928;0
1;teste;1575726446;108;0.674628;0
1;teste;1575726446;118;0.523749;0
1;teste;1575726446;102;0.801425;0
1;teste;1575726446;110;0.606106;0
1;teste;1575726446;109;0.967891;0
1;teste;1575726446;105;0.607067;0
1;teste;1575726446;109;1.23359;0
1;teste;1575726446;111;0.54403;0
1;teste;1575726446;110;0.540918;0
1;teste;1575726446;98;0.511498;0
1;teste;1575726446;119;0.677769;0
1;teste;1575726446;106;0.716521;0
1;teste;1575726446;106;0.865315;0
1;teste;1575726446;103;0.841713;0
1;teste;1575726446;107;1.23781;0
1;teste;1575726446;111;0.816651;0
1;teste;1575726446;104;0.861301;0
1;teste;1575726446;99;1.0658;0
1;teste;1575726446;120;0.473027;0
1;teste;1575726446;100;1.01075;0
1;teste;1575726446;108;0.648907;0
1;teste;1575726446;109;1.20984;0
1;teste;1575726446;110;0.895196;0
1;teste;1575726446;105;1.21784;0
1;teste;1575726446;112;1.14599;0
1;teste;1575726446;113;1.38088;0
1;teste;1575726446;121;0.584672;0
1;teste;1575726446;112;0.990697;0
1;teste;1575726446;110;0.996778;0
1;teste;1575726446;101;0.595789;0
1;teste;1575726446;113;1.23175;0
1;teste;1575726446;111;0.879165;0
1;teste;1575726446;102;1.45967;0
1;teste;1575726446;114;1.14396;0
1;teste;1575726446;114;0.770368;0
1;teste;1575726446;103;1.21795;0
1;teste;1575726446;111;0.71214;0
1;teste;1575726446;112;0.808075;0
1;teste;1575726446;115;0.708029;0
1;teste;1575726446;112;0.802062;0
1;teste;1575726446;122;0.908918;0
1;teste;1575726446;115;1.47294;0
1;teste;1575726446;113;0.979419;0
1;teste;1575726446;104;0.68305;0
1;teste;1575726446;113;1.30089;0
1;teste;1575726446;114;1.14092;0
1;teste;1575726446;114;1.27893;0
1;teste;1575726446;116;0.63375;0
1;teste;1575726446;116;0.809643;0
1;teste;1575726446;115;1.14188;0
1;teste;1575726446;105;0.748662;0
1;teste;1575726446;117;1.34844;0
1;teste;1575726446;116;1.25536;0
1;teste;1575726446;117;0.966721;0
1;teste;1575726446;106;1.13375;0
1;teste;1575726446;117;1.27924;0
1;teste;1575726446;106;0.570405;0
1;teste;1575726446;107;1.41586;0
1;teste;1575726446;115;1.00153;0
1;teste;1575726446;118;0.927049;0
1;teste;1575726446;118;0.991445;0
1;teste;1575726446;119;0.833772;0
1;teste;1575726446;118;0.914126;0
1;teste;1575726446;116;0.750609;0
1;teste;1575726446;120;1.13583;0
1;teste;1575726446;117;1.05965;0
1;teste;1575726446;119;0.638012;0
1;teste;1575726446;119;0.687725;0
1;teste;1575726446;107;0.898085;0
1;teste;1575726446;108;1.46611;0
1;teste;1575726446;121;0.9864;0
1;teste;1575726446;108;1.0522;0
1;teste;1575726446;118;0.863559;0
1;teste;1575726447;109;1.36519;0
1;teste;1575726447;110;1.29458;0
1;teste;1575726447;109;0.931388;0
1;teste;1575726447;119;0.829022;0
1;teste;1575726446;120;0.687316;0
1;teste;1575726447;110;1.20332;0
1;teste;1575726447;111;1.05528;0
1;teste;1575726447;120;0.882811;0
1;teste;1575726447;121;1.06664;0
1;teste;1575726447;112;1.06852;0
1;teste;1575726447;113;1.26039;0
1;teste;1575726447;111;0.889818;0
1;teste;1575726447;122;1.31313;0
1;teste;1575726447;121;1.19064;0
1;teste;1575726446;120;0.655704;0
1;teste;1575726447;112;0.934078;0
1;teste;1575726447;114;0.886777;0
1;teste;1575726447;121;0.979362;0
1;teste;1575726447;113;1.40508;0
1;teste;1575726447;123;0.907899;0
1;teste;1575726447;114;0.848408;0
1;teste;1575726447;122;0.675899;0
1;teste;1575726447;124;1.23053;0
1;teste;1575726447;115;1.03021;0
1;teste;1575726444;71;0.374617;0
1;teste;1575726447;122;0.721788;0
1;teste;1575726447;116;1.04444;0
1;teste;1575726447;125;0.836952;0
1;teste;1575726447;122;0.860544;0
1;teste;1575726447;123;1.34273;0
1;teste;1575726447;117;0.820062;0
1;teste;1575726447;123;1.32564;0
1;teste;1575726447;118;1.03771;0
1;teste;1575726447;126;1.43885;0
1;teste;1575726447;124;0.860063;0
1;teste;1575726447;72;0.603437;0
1;teste;1575726447;123;1.40305;0
1;teste;1575726447;124;1.31806;0
1;teste;1575726447;119;0.735733;0
1;teste;1575726447;73;0.673086;0
1;teste;1575726447;124;1.05808;0
1;teste;1575726447;127;1.15219;0
1;teste;1575726447;74;0.891045;0
1;teste;1575726447;128;0.840345;0
1;teste;1575726447;125;1.01444;0
1;teste;1575726445;92;0.440325;0
1;teste;1575726447;129;0.856257;0
1;teste;1575726447;126;0.860103;0
1;teste;1575726447;125;0.938662;0
1;teste;1575726447;125;0.64532;0
1;teste;1575726447;127;1.21481;0
1;teste;1575726447;130;1.05555;0
1;teste;1575726447;128;1.21963;0
1;teste;1575726447;93;1.07431;0
1;teste;1575726447;75;0.755761;0
1;teste;1575726447;126;0.997121;0
1;teste;1575726447;126;0.813138;0
1;teste;1575726447;129;0.72171;0
1;teste;1575726447;127;1.00199;0
1;teste;1575726447;131;1.51763;0
1;teste;1575726447;94;1.13618;0
1;teste;1575726447;130;1.26156;0
1;teste;1575726447;76;1.5;0
1;teste;1575726447;120;0.644165;0
1;teste;1575726447;127;0.732909;0
1;teste;1575726447;128;0.531333;0
1;teste;1575726447;121;0.861323;0
1;teste;1575726447;132;0.777927;0
1;teste;1575726447;77;0.895885;0
1;teste;1575726447;131;0.916206;0
1;teste;1575726447;128;0.962036;0
1;teste;1575726447;133;1.22006;0
1;teste;1575726447;95;1.12132;0
1;teste;1575726447;78;1.02739;0
1;teste;1575726447;122;0.545103;0
1;teste;1575726447;132;1.04436;0
1;teste;1575726447;129;0.907632;0
1;teste;1575726447;129;0.840125;0
1;teste;1575726447;79;0.751379;0
1;teste;1575726447;133;1.18085;0
1;teste;1575726447;123;1.0663;0
1;teste;1575726447;134;1.3184;0
1;teste;1575726447;134;1.16978;0
1;teste;1575726447;130;0.914101;0
1;teste;1575726447;96;0.690609;0
1;teste;1575726447;80;0.784735;0
1;teste;1575726447;135;1.05841;0
1;teste;1575726447;130;0.608334;0
1;teste;1575726447;135;0.814357;0
1;teste;1575726447;97;1.29042;0
1;teste;1575726447;131;0.588532;0
1;teste;1575726447;81;1.12131;0
1;teste;1575726447;136;1.1915;0
1;teste;1575726447;136;1.42481;0
1;teste;1575726447;124;1.14518;0
1;teste;1575726447;137;1.18536;0
1;teste;1575726446;107;0.549627;0
1;teste;1575726447;132;0.979683;0
1;teste;1575726447;131;0.581878;0
1;teste;1575726447;125;0.606584;0
1;teste;1575726447;133;0.869872;0
1;teste;1575726447;137;0.922617;0
1;teste;1575726447;134;1.13877;0
1;teste;1575726447;108;0.774979;0
1;teste;1575726447;138;0.578455;0
1;teste;1575726447;109;0.839209;0
1;teste;1575726447;126;0.836619;0
1;teste;1575726447;135;0.660111;0
1;teste;1575726447;127;0.82256;0
1;teste;1575726447;132;0.836781;0
1;teste;1575726447;110;0.773058;0
1;teste;1575726447;98;0.885394;0
1;teste;1575726447;136;0.636343;0
1;teste;1575726447;128;0.995197;0
1;teste;1575726447;138;0.971733;0
1;teste;1575726447;129;0.736628;0
1;teste;1575726447;139;0.708291;0
1;teste;1575726447;137;1.18473;0
1;teste;1575726447;139;1.12667;0
1;teste;1575726447;130;1.03531;0
1;teste;1575726447;138;0.739564;0
1;teste;1575726447;140;1.17216;0
1;teste;1575726447;133;0.515198;0
1;teste;1575726447;141;1.18999;0
1;teste;1575726447;99;0.913094;0
1;teste;1575726447;111;1.04832;0
1;teste;1575726447;131;0.857518;0
1;teste;1575726447;134;1.12018;0
1;teste;1575726447;139;0.700296;0
1;teste;1575726447;100;0.749234;0
1;teste;1575726447;140;0.99017;0
1;teste;1575726447;135;0.651804;0
1;teste;1575726447;112;1.0205;0
1;teste;1575726447;142;0.720752;0
1;teste;1575726447;132;0.921797;0
1;teste;1575726447;140;0.867106;0
1;teste;1575726447;136;0.893257;0
1;teste;1575726447;101;0.655041;0
1;teste;1575726447;141;1.01992;0
1;teste;1575726447;137;1.04481;0
1;teste;1575726447;133;0.717263;0
1;teste;1575726447;138;1.42741;0
1;teste;1575726447;134;1.11723;0
1;teste;1575726447;113;1.13399;0
1;teste;1575726447;102;1.14548;0
1;teste;1575726447;142;0.862997;0
1;teste;1575726447;143;0.602855;0
1;teste;1575726447;82;0.430389;0
1;teste;1575726447;144;1.17226;0
1;teste;1575726447;141;0.738969;0
1;teste;1575726447;135;0.615779;0
1;teste;1575726448;103;0.699207;0
1;teste;1575726447;114;0.63131;0
1;teste;1575726448;145;0.752563;0
1;teste;1575726448;136;0.911139;0
1;teste;1575726448;83;0.606305;0
1;teste;1575726448;104;0.775435;0
1;teste;1575726448;143;0.536827;0
1;teste;1575726448;115;1.06473;0
1;teste;1575726448;142;0.966436;0
1;teste;1575726448;84;0.555667;0
1;teste;1575726448;137;0.895204;0
1;teste;1575726448;116;0.634042;0
1;teste;1575726448;144;0.909466;0
1;teste;1575726448;143;0.759637;0
1;teste;1575726448;105;0.482531;0
1;teste;1575726448;85;0.809308;0
1;teste;1575726448;144;0.917681;0
1;teste;1575726448;146;0.501817;0
1;teste;1575726448;138;0.926295;0
1;teste;1575726448;86;0.75429;0
1;teste;1575726448;147;0.959053;0
1;teste;1575726448;145;1.1162;0
1;teste;1575726448;145;0.82332;0
1;teste;1575726448;139;0.666832;0
1;teste;1575726447;139;0.443507;0
1;teste;1575726448;146;0.921202;0
1;teste;1575726448;117;1.17178;0
1;teste;1575726448;146;1.12229;0
1;teste;1575726448;148;0.871044;0
1;teste;1575726448;87;0.551646;0
1;teste;1575726448;149;1.19787;0
1;teste;1575726448;147;1.0167;0
1;teste;1575726448;147;1.25373;0
1;teste;1575726448;140;0.958098;0
1;teste;1575726448;148;1.08489;0
1;teste;1575726448;140;0.555076;0
1;teste;1575726448;148;0.824588;0
1;teste;1575726448;150;1.35437;0
1;teste;1575726448;141;0.868447;0
1;teste;1575726448;149;0.900376;0
1;teste;1575726448;88;0.55709;0
1;teste;1575726448;141;1.5578;0
1;teste;1575726448;118;0.770569;0
1;teste;1575726448;150;1.25322;0
1;teste;1575726448;89;1.19373;0
1;teste;1575726448;151;0.850915;0
1;teste;1575726448;149;0.585421;0
1;teste;1575726448;151;1.35684;0
1;teste;1575726448;142;1.13042;0
1;teste;1575726448;142;0.872295;0
1;teste;1575726448;150;0.888288;0
1;teste;1575726448;90;0.922638;0
1;teste;1575726448;119;1.15888;0
1;teste;1575726448;152;1.19198;0
1;teste;1575726448;152;1.13878;0
1;teste;1575726448;120;0.823318;0
1;teste;1575726448;143;0.631054;0
1;teste;1575726448;143;1.07659;0
1;teste;1575726448;144;0.953063;0
1;teste;1575726448;121;1.38779;0
1;teste;1575726448;91;1.18172;0
1;teste;1575726448;153;0.556513;0
1;teste;1575726448;144;0.756925;0
1;teste;1575726448;92;1.16487;0
1;teste;1575726448;153;0.782005;0
1;teste;1575726448;145;0.666625;0
1;teste;1575726448;151;0.62306;0
1;teste;1575726448;122;0.633601;0
1;teste;1575726448;145;0.596483;0
1;teste;1575726448;123;0.839482;0
1;teste;1575726448;93;1.26165;0
1;teste;1575726448;152;0.710406;0
1;teste;1575726448;154;0.66149;0
1;teste;1575726448;146;0.831781;0
1;teste;1575726448;146;0.615157;0
1;teste;1575726448;154;0.855551;0
1;teste;1575726448;153;0.925972;0
1;teste;1575726448;147;0.586774;0
1;teste;1575726448;124;0.988214;0
1;teste;1575726448;94;0.750927;0
1;teste;1575726448;155;1.27481;0
1;teste;1575726448;148;0.978829;0
1;teste;1575726448;125;1.1882;0
1;teste;1575726448;155;0.642218;0
1;teste;1575726448;156;0.971078;0
1;teste;1575726448;95;0.716785;0
1;teste;1575726448;147;1.05761;0
1;teste;1575726448;156;1.32285;0
1;teste;1575726448;96;1.59513;0
1;teste;1575726448;149;0.759331;0
1;teste;1575726448;157;1.09396;0
1;teste;1575726448;150;1.53983;0
1;teste;1575726448;158;1.27302;0
1;teste;1575726448;97;1.06242;0
1;teste;1575726448;151;1.06465;0
1;teste;1575726448;157;0.79051;0
1;teste;1575726448;159;1.19106;0
1;teste;1575726448;98;0.810511;0
1;teste;1575726448;158;0.987762;0
1;teste;1575726448;152;1.43728;0
1;teste;1575726448;126;0.741339;0
1;teste;1575726448;159;1.49894;0
1;teste;1575726448;99;0.799479;0
1;teste;1575726448;153;1.39111;0
1;teste;1575726448;160;0.68916;0
1;teste;1575726448;100;1.36129;0
1;teste;1575726448;127;1.15585;0
1;teste;1575726448;101;1.27047;0
1;teste;1575726448;161;0.860713;0
1;teste;1575726448;128;0.939213;0
1;teste;1575726448;154;0.80045;0
1;teste;1575726448;102;0.876711;0
1;teste;1575726448;148;0.66569;0
1;teste;1575726448;160;0.988955;0
1;teste;1575726448;129;0.830968;0
1;teste;1575726448;155;1.20184;0
1;teste;1575726448;103;0.85013;0
1;teste;1575726448;149;1.05025;0
1;teste;1575726448;162;0.720258;0
1;teste;1575726448;156;1.36079;0
1;teste;1575726449;150;0.96818;0
1;teste;1575726448;161;0.684398;0
1;teste;1575726448;104;0.629979;0
1;teste;1575726448;130;0.473253;0
1;teste;1575726448;154;0.475036;0
1;teste;1575726446;123;0.436734;0
1;teste;1575726447;115;0.396959;0
1;teste;1575726448;106;0.304698;0
